
SUMMARISING RUN PARAMETERS
==========================
Input filename: DT1226_H2NC7CCX2_L5_1.fq.gz
Trimming mode: paired-end
Trim Galore version: 0.6.4_dev
Cutadapt version: 2.7
Python version: 3.6.9
Number of cores used for trimming: 5
Quality Phred score cutoff: 20
Quality encoding type selected: ASCII+33
Adapter sequence: 'AGATCGGAAGAGC' (Illumina TruSeq, Sanger iPCR; user defined)
Maximum trimming error rate: 0.1 (default)
Minimum required adapter overlap (stringency): 1 bp
Minimum required sequence length for both reads before a sequence pair gets removed: 20 bp
Running FastQC on the data once trimming has completed
Output file will be GZIP compressed


This is cutadapt 2.7 with Python 3.6.9
Command line parameters: -j 5 -e 0.1 -q 20 -O 1 -a AGATCGGAAGAGC DT1226_H2NC7CCX2_L5_1.fq.gz
Processing reads on 5 cores in single-end mode ...
Finished in 158.76 s (5 us/read; 11.78 M reads/minute).

=== Summary ===

Total reads processed:              31,177,661
Reads with adapters:                19,586,566 (62.8%)
Reads written (passing filters):    31,177,661 (100.0%)

Total basepairs processed: 4,676,649,150 bp
Quality-trimmed:              26,692,583 bp (0.6%)
Total written (filtered):  4,288,568,421 bp (91.7%)

=== Adapter 1 ===

Sequence: AGATCGGAAGAGC; Type: regular 3'; Length: 13; Trimmed: 19586566 times.

No. of allowed errors:
0-9 bp: 0; 10-13 bp: 1

Bases preceding removed adapters:
  A: 26.8%
  C: 28.4%
  G: 23.1%
  T: 21.7%
  none/other: 0.0%

Overview of removed sequences
length	count	expect	max.err	error counts
1	3923027	7794415.2	0	3923027
2	1604897	1948603.8	0	1604897
3	679440	487151.0	0	679440
4	372937	121787.7	0	372937
5	337832	30446.9	0	337832
6	332992	7611.7	0	332992
7	331814	1902.9	0	331814
8	331592	475.7	0	331592
9	335801	118.9	0	334968 833
10	340851	29.7	1	331120 9731
11	337364	7.4	1	325959 11405
12	337814	1.9	1	324560 13254
13	336211	0.5	1	322656 13555
14	335461	0.5	1	321586 13875
15	332358	0.5	1	318418 13940
16	334791	0.5	1	320173 14618
17	341665	0.5	1	325972 15693
18	345435	0.5	1	330178 15257
19	328451	0.5	1	314658 13793
20	329738	0.5	1	315664 14074
21	327236	0.5	1	313414 13822
22	319785	0.5	1	306660 13125
23	309080	0.5	1	296115 12965
24	308581	0.5	1	295357 13224
25	302065	0.5	1	289660 12405
26	294674	0.5	1	282753 11921
27	293777	0.5	1	281688 12089
28	290735	0.5	1	278471 12264
29	286444	0.5	1	275401 11043
30	273760	0.5	1	263593 10167
31	262517	0.5	1	251456 11061
32	251859	0.5	1	241621 10238
33	238300	0.5	1	229260 9040
34	233717	0.5	1	223886 9831
35	223127	0.5	1	213728 9399
36	213985	0.5	1	204829 9156
37	201321	0.5	1	193056 8265
38	199280	0.5	1	189968 9312
39	188979	0.5	1	180564 8415
40	176103	0.5	1	168838 7265
41	166758	0.5	1	160244 6514
42	156487	0.5	1	150380 6107
43	153869	0.5	1	146831 7038
44	135139	0.5	1	130585 4554
45	157613	0.5	1	151768 5845
46	94801	0.5	1	91780 3021
47	99536	0.5	1	96563 2973
48	101042	0.5	1	97959 3083
49	95253	0.5	1	92240 3013
50	91253	0.5	1	88445 2808
51	81985	0.5	1	79499 2486
52	75438	0.5	1	73245 2193
53	71278	0.5	1	68845 2433
54	66012	0.5	1	63516 2496
55	62158	0.5	1	59880 2278
56	54191	0.5	1	52325 1866
57	49622	0.5	1	47889 1733
58	47784	0.5	1	46073 1711
59	44325	0.5	1	42667 1658
60	41349	0.5	1	39922 1427
61	39050	0.5	1	37629 1421
62	35078	0.5	1	33820 1258
63	34644	0.5	1	33425 1219
64	31501	0.5	1	30388 1113
65	28569	0.5	1	27563 1006
66	28461	0.5	1	27453 1008
67	24858	0.5	1	24090 768
68	24153	0.5	1	23468 685
69	24475	0.5	1	23767 708
70	24470	0.5	1	23762 708
71	28245	0.5	1	26999 1246
72	173161	0.5	1	169484 3677
73	31984	0.5	1	31044 940
74	8775	0.5	1	8493 282
75	4505	0.5	1	4331 174
76	3464	0.5	1	3306 158
77	3252	0.5	1	3109 143
78	3003	0.5	1	2862 141
79	2986	0.5	1	2874 112
80	2959	0.5	1	2842 117
81	3045	0.5	1	2916 129
82	2936	0.5	1	2804 132
83	2770	0.5	1	2660 110
84	2517	0.5	1	2415 102
85	2112	0.5	1	2023 89
86	1895	0.5	1	1799 96
87	1679	0.5	1	1608 71
88	1556	0.5	1	1450 106
89	1537	0.5	1	1441 96
90	1467	0.5	1	1390 77
91	1277	0.5	1	1216 61
92	1257	0.5	1	1177 80
93	1182	0.5	1	1115 67
94	1010	0.5	1	960 50
95	886	0.5	1	835 51
96	877	0.5	1	816 61
97	854	0.5	1	800 54
98	744	0.5	1	691 53
99	734	0.5	1	681 53
100	635	0.5	1	594 41
101	605	0.5	1	550 55
102	508	0.5	1	473 35
103	469	0.5	1	433 36
104	474	0.5	1	433 41
105	403	0.5	1	356 47
106	429	0.5	1	385 44
107	362	0.5	1	318 44
108	300	0.5	1	265 35
109	244	0.5	1	218 26
110	257	0.5	1	228 29
111	206	0.5	1	169 37
112	197	0.5	1	160 37
113	182	0.5	1	154 28
114	171	0.5	1	134 37
115	149	0.5	1	122 27
116	150	0.5	1	111 39
117	105	0.5	1	80 25
118	96	0.5	1	74 22
119	95	0.5	1	64 31
120	76	0.5	1	55 21
121	71	0.5	1	48 23
122	66	0.5	1	47 19
123	71	0.5	1	46 25
124	60	0.5	1	39 21
125	55	0.5	1	33 22
126	48	0.5	1	25 23
127	42	0.5	1	26 16
128	23	0.5	1	17 6
129	36	0.5	1	18 18
130	24	0.5	1	14 10
131	41	0.5	1	12 29
132	26	0.5	1	14 12
133	13	0.5	1	5 8
134	27	0.5	1	6 21
135	25	0.5	1	3 22
136	16	0.5	1	5 11
137	7	0.5	1	3 4
138	25	0.5	1	6 19
139	10	0.5	1	2 8
140	16	0.5	1	2 14
141	15	0.5	1	0 15
142	10	0.5	1	0 10
143	12	0.5	1	1 11
144	12	0.5	1	1 11
145	10	0.5	1	0 10
146	5	0.5	1	1 4
147	9	0.5	1	0 9
148	8	0.5	1	0 8
149	13	0.5	1	0 13
150	40	0.5	1	0 40

RUN STATISTICS FOR INPUT FILE: DT1226_H2NC7CCX2_L5_1.fq.gz
=============================================
31177661 sequences processed in total

