
SUMMARISING RUN PARAMETERS
==========================
Input filename: DT1226_H2NC7CCX2_L5_2.fq.gz
Trimming mode: paired-end
Trim Galore version: 0.6.4_dev
Cutadapt version: 2.7
Python version: 3.6.9
Number of cores used for trimming: 8
Quality Phred score cutoff: 20
Quality encoding type selected: ASCII+33
Adapter sequence: 'AGATCGGAAGAGC' (Illumina TruSeq, Sanger iPCR; user defined)
Maximum trimming error rate: 0.1 (default)
Minimum required adapter overlap (stringency): 5 bp
Minimum required sequence length for both reads before a sequence pair gets removed: 20 bp
Running FastQC on the data once trimming has completed
Output file will be GZIP compressed


This is cutadapt 2.7 with Python 3.6.9
Command line parameters: -j 8 -e 0.1 -q 20 -O 5 -a AGATCGGAAGAGC DT1226_H2NC7CCX2_L5_2.fq.gz
Processing reads on 8 cores in single-end mode ...
Finished in 109.59 s (4 us/read; 17.07 M reads/minute).

=== Summary ===

Total reads processed:              31,177,661
Reads with adapters:                12,097,022 (38.8%)
Reads written (passing filters):    31,177,661 (100.0%)

Total basepairs processed: 4,676,649,150 bp
Quality-trimmed:              82,837,887 bp (1.8%)
Total written (filtered):  4,265,188,079 bp (91.2%)

=== Adapter 1 ===

Sequence: AGATCGGAAGAGC; Type: regular 3'; Length: 13; Trimmed: 12097022 times.

No. of allowed errors:
0-9 bp: 0; 10-13 bp: 1

Bases preceding removed adapters:
  A: 24.4%
  C: 26.9%
  G: 26.0%
  T: 22.7%
  none/other: 0.0%

Overview of removed sequences
length	count	expect	max.err	error counts
5	268197	30446.9	0	268197
6	296332	7611.7	0	296332
7	313358	1902.9	0	313358
8	284818	475.7	0	284818
9	285760	118.9	0	284541 1219
10	335880	29.7	1	294823 41057
11	306711	7.4	1	274815 31896
12	387465	1.9	1	328009 59456
13	267399	0.5	1	249313 18086
14	341638	0.5	1	304295 37343
15	328107	0.5	1	286695 41412
16	271638	0.5	1	253308 18330
17	292699	0.5	1	267306 25393
18	279229	0.5	1	252019 27210
19	311994	0.5	1	279641 32353
20	301647	0.5	1	269800 31847
21	278971	0.5	1	255326 23645
22	295676	0.5	1	265744 29932
23	294717	0.5	1	265402 29315
24	346416	0.5	1	305009 41407
25	261590	0.5	1	239242 22348
26	264324	0.5	1	243182 21142
27	259291	0.5	1	238608 20683
28	275211	0.5	1	250904 24307
29	249965	0.5	1	231546 18419
30	279034	0.5	1	254719 24315
31	227951	0.5	1	211384 16567
32	239991	0.5	1	221687 18304
33	239397	0.5	1	218845 20552
34	212356	0.5	1	198702 13654
35	218196	0.5	1	200878 17318
36	194057	0.5	1	181355 12702
37	244776	0.5	1	222614 22162
38	156848	0.5	1	149203 7645
39	183452	0.5	1	170605 12847
40	143211	0.5	1	136580 6631
41	164235	0.5	1	153488 10747
42	154144	0.5	1	143412 10732
43	135428	0.5	1	126713 8715
44	137933	0.5	1	128628 9305
45	125332	0.5	1	116384 8948
46	162001	0.5	1	146471 15530
47	86608	0.5	1	82845 3763
48	120475	0.5	1	110960 9515
49	72724	0.5	1	69697 3027
50	67844	0.5	1	64821 3023
51	79559	0.5	1	75461 4098
52	61899	0.5	1	58401 3498
53	61681	0.5	1	58448 3233
54	67599	0.5	1	62750 4849
55	49767	0.5	1	47457 2310
56	50380	0.5	1	47435 2945
57	49819	0.5	1	46483 3336
58	52130	0.5	1	48858 3272
59	44060	0.5	1	41535 2525
60	40441	0.5	1	37969 2472
61	38554	0.5	1	36443 2111
62	37859	0.5	1	35761 2098
63	41340	0.5	1	38424 2916
64	269929	0.5	1	260880 9049
65	60082	0.5	1	57580 2502
66	17192	0.5	1	16266 926
67	8672	0.5	1	8168 504
68	6438	0.5	1	5998 440
69	6038	0.5	1	5619 419
70	5426	0.5	1	5067 359
71	5016	0.5	1	4664 352
72	5531	0.5	1	5170 361
73	5235	0.5	1	4901 334
74	5495	0.5	1	5157 338
75	5203	0.5	1	4882 321
76	4526	0.5	1	4251 275
77	4045	0.5	1	3754 291
78	3490	0.5	1	3271 219
79	3106	0.5	1	2900 206
80	2845	0.5	1	2659 186
81	2681	0.5	1	2492 189
82	2513	0.5	1	2357 156
83	2429	0.5	1	2259 170
84	2175	0.5	1	2033 142
85	2076	0.5	1	1937 139
86	1873	0.5	1	1727 146
87	1812	0.5	1	1673 139
88	1705	0.5	1	1573 132
89	1665	0.5	1	1510 155
90	1454	0.5	1	1323 131
91	1305	0.5	1	1183 122
92	1264	0.5	1	1152 112
93	1171	0.5	1	1059 112
94	1053	0.5	1	947 106
95	1007	0.5	1	893 114
96	908	0.5	1	798 110
97	894	0.5	1	806 88
98	883	0.5	1	793 90
99	863	0.5	1	753 110
100	774	0.5	1	702 72
101	798	0.5	1	701 97
102	707	0.5	1	618 89
103	587	0.5	1	505 82
104	551	0.5	1	474 77
105	481	0.5	1	392 89
106	500	0.5	1	422 78
107	396	0.5	1	329 67
108	371	0.5	1	299 72
109	312	0.5	1	236 76
110	321	0.5	1	250 71
111	245	0.5	1	194 51
112	275	0.5	1	206 69
113	238	0.5	1	195 43
114	224	0.5	1	164 60
115	216	0.5	1	167 49
116	191	0.5	1	137 54
117	185	0.5	1	134 51
118	149	0.5	1	112 37
119	167	0.5	1	110 57
120	124	0.5	1	89 35
121	125	0.5	1	85 40
122	131	0.5	1	87 44
123	98	0.5	1	59 39
124	87	0.5	1	48 39
125	91	0.5	1	46 45
126	63	0.5	1	28 35
127	47	0.5	1	30 17
128	51	0.5	1	31 20
129	47	0.5	1	16 31
130	41	0.5	1	22 19
131	31	0.5	1	14 17
132	32	0.5	1	6 26
133	24	0.5	1	9 15
134	26	0.5	1	9 17
135	26	0.5	1	9 17
136	11	0.5	1	3 8
137	10	0.5	1	0 10
138	11	0.5	1	1 10
139	13	0.5	1	1 12
140	14	0.5	1	3 11
141	12	0.5	1	2 10
142	12	0.5	1	0 12
143	13	0.5	1	1 12
144	7	0.5	1	0 7
145	10	0.5	1	0 10
146	15	0.5	1	1 14
147	12	0.5	1	0 12
148	11	0.5	1	0 11
149	8	0.5	1	0 8
150	17	0.5	1	0 17

RUN STATISTICS FOR INPUT FILE: DT1226_H2NC7CCX2_L5_2.fq.gz
=============================================
31177661 sequences processed in total

Total number of sequences analysed for the sequence pair length validation: 31177661

Number of sequence pairs removed because at least one read was shorter than the length cutoff (20 bp): 24984 (0.08%)
